128
620,234,261,677,573,587,847,272,590,933,618,550,843,766,415,741,534,797,475,722,957,908,348,180,874,503,930,635,928,270,573,137,688,450,258,139,558,792,393,153,242,410,909,393,103,779,297,130,924,794,720,551,996,991,582,846,784,429,128,470,631,687,316,305,337,656,155,701,324,154,560,938,223,640,483,180,197,174,309,161,143,854,590,394,690,445,164,278,914,271,450,100,610,383,131,302,933,780,596,548,281,281,127,634,899,543,699,124,172,935,164,300,252,189,131,750,967,266,800,480,155,627,670,316,808,109,830
417,967,588,914,528,702,662,966,834,772,551,882,698,598,766,625,787,180,161,566,550,427,409,320,493,367,677,283,326,707,580,991,564,653,922,509,823,507,946,887,609,596,928,569,620,309,142,749,894,952,265,454,166,894,227,763,480,317,994,664,753,229,346,792,386,655,165,288,623,183,376,371,548,254,667,132,210,444,314,166,324,122,328,816,924,377,497,899,857,897,343,968,796,972,834,701,712,853,171,105,538,496,939,950,546,114,703,569,512,369,936,586,518,606,387,638,831,409,133,914,866,371,754,985,836,327
808,522,987,765,636,525,948,919,649,461,825,798,477,459,991,109,949,231,314,547,644,979,250,468,513,374,783,774,772,416,508,397,106,604,577,497,428,423,791,861,270,342,817,819,369,810,970,786,486,209,559,424,530,825,747,556,329,966,413,954,594,958,410,969,660,531,705,283,692,665,467,505,226,823,361,324,486,935,772,813,853,690,266,358,401,481,284,447,545,302,932,967,208,981,950,585,887,460,780,217,817,726,919,245,860,614,579,147,488,925,733,450,105,404,240,211,187,702,224,716,508,135,363,733,506
157,932,839,157,425,980,429,875,607,841,284,200,106,651,496,944,732,314,685,660,251,437,813,990,825,941,687,882,448,318,224,691,404,641,990,788,369,371,174,726,987,367,864,131,526,201,956,897,485,976,122,658,225,637,583,171,345,719,106,146,856,255,410,673,858,371,981,935,126,640,590,114,894,876,794,256,878,992,949,973,957,924,971,282,980,234,483,150,242,950,176,864,961,561,313,845,562,734,746,265,114,391,558,167,564,619,891,341,782,890,843,522,138,456,885,742,300,345,244,421,516,699,305,880
442,478,175,663,730,471,868,577,708,839,265,775,951,850,307,719,855,314,382,155,215,485,629,810,653,378,943,314,144,794,453,783,184,588,104,981,156,708,350,903,554,559,496,391,533,495,389,526,277,387,105,841,415,329,502,513,708,800,971,425,442,830,176,826,796,918,618,755,601,117,842,714,313,816,618,620,292,134,348,472,402,371,101,831,774,407,762,865,219,126,557,120,302,871,676,834,160,585,580,169,711,634,847,117,725,115,883,126,409,758,582,135,205,799,996,827,441,403,448,611,289,398,865
334,399,645,238,883,719,646,907,219,255,189,705,690,176,245,180,809,495,483,491,781,967,810,839,746,112,418,209,305,816,221,511,250,206,582,645,811,736,332,128,431,882,196,444,634,899,691,801,289,957,964,554,766,463,906,576,654,415,213,406,671,341,420,986,584,543,869,785,325,898,265,458,751,516,678,580,686,763,809,725,342,932,898,348,736,672,790,240,810,654,955,420,541,316,153,187,510,251,864,378,377,776,428,131,485,898,754,144,878,363,906,327,235,167,209,238,452,950,706,111,986,217
205,164,212,915,863,923,522,299,227,348,779,420,373,180,144,618,163,898,598,193,623,284,618,289,206,652,193,411,208,988,967,371,850,790,123,160,593,690,735,562,757,111,180,161,244,201,774,311,236,380,653,908,633,632,375,765,401,510,241,315,283,501,846,596,642,446,697,199,990,253,501,523,102,318,128,402,858,718,173,602,610,425,678,990,727,915,147,287,855,203,829,939,995,571,317,952,839,499,390,763,365,732,522,662,435,124,246,977,887,670,304,414,888,406,645,755,627,435,277,739,225
447,666,827,523,715,222,827,129,316,582,773,156,835,351,491,971,844,199,646,207,792,240,548,322,844,545,501,468,654,586,363,370,141,733,354,856,174,979,733,708,626,614,940,353,455,874,830,541,505,543,107,921,845,204,461,405,624,304,735,552,482,751,905,825,720,710,891,899,288,363,656,192,995,287,454,136,658,681,692,183,825,815,251,380,696,821,851,154,419,951,906,146,925,447,216,495,989,115,975,806,908,782,307,387,843,797,499,800,621,925,840,118,845,278,481,352,511,573,907,993
914,780,770,511,323,292,152,596,812,780,244,227,303,370,447,572,518,343,280,570,225,836,522,748,267,614,269,710,102,490,751,892,661,913,756,147,221,528,826,841,506,108,217,418,972,374,563,573,218,754,210,507,372,981,802,907,395,933,797,670,232,125,850,172,970,456,850,901,620,690,201,337,298,256,752,633,734,364,860,844,319,208,817,797,827,218,578,981,980,964,155,920,196,381,991,245,549,941,778,987,731,309,660,604,401,878,199,892,547,789,350,383,232,914,914,250,318,819,237
733,789,195,655,234,352,779,432,721,844,136,971,206,156,803,255,698,871,112,970,938,518,159,839,538,282,682,883,328,907,796,789,268,895,346,889,708,120,452,455,580,995,149,236,510,885,614,415,217,728,684,331,254,606,683,832,996,785,609,563,349,285,621,571,300,519,863,175,312,993,124,698,498,390,253,612,383,376,439,965,770,158,613,712,720,564,453,900,273,653,227,152,759,119,169,884,608,348,989,661,388,733,182,551,332,137,597,766,495,228,344,357,609,412,567,412,595,748
138,351,371,934,867,633,532,188,402,898,387,532,469,937,485,437,841,503,367,662,798,193,686,596,299,310,719,931,879,497,134,559,148,552,630,197,900,161,846,789,531,705,117,101,212,787,984,504,181,222,203,573,818,525,257,756,609,710,410,644,249,324,481,473,250,667,913,117,520,858,823,859,891,299,456,931,217,825,505,458,862,275,920,397,438,440,112,557,413,697,985,623,583,114,991,107,416,307,850,553,990,489,529,166,153,251,664,791,748,679,572,557,621,359,522,888,663
310,388,415,280,227,229,743,872,852,203,688,819,863,491,261,513,208,413,322,850,502,657,968,924,519,593,607,114,241,582,810,132,599,256,333,722,500,158,324,528,260,869,195,447,982,937,214,743,336,705,739,586,639,909,889,612,625,784,394,110,353,772,470,125,667,381,729,232,718,505,299,982,115,475,121,977,231,977,102,179,543,856,482,767,439,981,534,462,832,559,588,452,147,825,427,769,767,281,123,199,562,374,638,583,702,858,727,447,708,637,170,921,781,662,777,381
553,680,309,937,234,671,873,800,164,330,926,144,445,701,229,535,542,202,802,397,195,390,386,951,794,348,419,750,322,441,378,340,576,456,936,973,318,432,458,518,277,327,944,413,681,976,427,973,727,340,575,877,454,881,357,492,782,780,208,821,163,748,223,852,173,436,573,960,564,995,964,364,557,618,274,817,546,524,624,747,372,613,429,522,604,905,342,610,448,676,688,772,718,756,107,830,874,550,972,308,816,674,366,103,276,549,197,953,363,400,656,310,686,852,750
517,666,667,193,180,346,293,520,172,242,165,969,790,194,199,911,774,894,286,606,558,167,757,140,980,124,391,641,313,206,209,193,956,712,320,470,701,595,166,585,453,667,661,425,578,861,365,276,312,441,581,857,703,477,411,305,725,213,419,657,966,711,297,470,441,734,193,146,620,697,622,685,341,839,880,175,744,816,982,326,234,559,871,454,380,532,742,572,769,518,451,958,727,903,129,919,616,289,246,274,138,649,714,457,909,477,173,730,425,967,615,983,304,951
250,874,646,766,327,934,361,812,705,483,660,604,533,263,968,896,245,423,730,577,548,113,526,935,859,321,943,286,592,563,533,238,346,839,279,763,159,127,177,119,827,686,252,664,670,537,206,870,326,588,450,955,313,176,876,662,864,555,353,775,321,842,981,291,482,527,343,992,790,252,944,244,927,354,740,945,345,722,670,381,903,707,224,654,360,588,362,181,641,395,435,300,429,269,434,828,626,958,601,882,310,671,188,263,648,872,460,915,263,747,107,997,427
810,817,755,395,951,483,811,285,274,834,655,795,166,375,169,307,589,718,407,651,785,723,420,201,205,617,630,548,223,563,888,100,447,573,899,833,884,309,614,523,927,849,531,673,650,302,740,448,129,293,106,402,728,143,608,919,243,655,554,992,606,442,407,524,185,345,602,609,768,334,384,393,746,570,477,411,877,198,831,816,871,806,488,177,168,327,245,380,476,964,604,973,859,473,379,391,602,249,984,747,157,463,675,788,759,794,334,520,423,553,220,187
828,815,373,734,472,162,587,192,100,852,303,740,502,160,494,276,180,264,266,917,822,177,834,673,568,746,434,458,634,469,470,129,791,212,188,681,271,134,593,395,225,598,196,196,781,778,987,958,206,774,689,877,560,538,703,266,351,824,319,538,857,782,953,524,207,298,230,165,667,475,733,982,328,762,512,747,816,412,978,742,137,887,164,495,618,499,538,742,684,242,358,618,736,676,187,447,438,970,700,140,640,720,367,445,714,814,329,289,327,941,870
413,597,168,748,458,555,152,638,848,863,296,501,477,234,951,520,602,996,287,112,181,314,509,127,155,740,805,308,670,135,947,426,545,121,608,197,915,391,726,456,134,182,909,673,498,511,246,557,410,975,746,759,375,743,117,965,452,451,442,281,850,335,773,964,132,858,999,831,226,549,821,690,302,953,281,296,125,137,684,442,362,481,567,129,936,374,549,272,886,326,768,332,844,865,650,977,128,196,100,640,543,872,408,735,352,710,938,495,652,764
551,645,444,844,628,465,656,372,332,314,656,378,465,378,226,152,916,830,715,898,793,501,359,772,226,585,572,364,526,114,135,107,323,962,906,577,576,932,988,433,852,639,992,557,418,300,168,335,660,813,291,162,429,374,490,447,637,696,461,524,386,742,185,544,949,225,276,100,581,936,893,336,848,935,732,570,598,780,571,205,982,508,212,450,419,968,730,641,209,807,670,136,688,962,683,826,635,870,712,159,493,587,591,335,676,183,875,199,598
290,646,608,342,500,464,700,546,823,497,515,531,967,659,448,417,180,210,704,349,822,755,426,176,770,562,603,788,219,726,366,243,546,949,588,230,559,957,103,525,687,463,637,144,907,703,704,940,992,709,222,424,678,668,881,874,381,783,546,108,868,613,190,281,933,267,952,479,897,777,813,349,479,333,879,919,803,624,934,877,990,438,365,670,176,396,222,500,981,974,210,576,571,869,359,686,592,246,830,958,434,679,788,528,263,173,559,554
812,141,863,953,941,923,150,562,532,597,409,376,803,897,761,945,782,722,612,904,827,830,374,276,329,689,164,421,611,551,853,366,801,168,659,398,482,718,267,401,655,759,507,765,471,184,145,897,780,426,584,171,278,929,212,435,363,279,455,828,976,714,312,329,744,965,629,530,652,887,877,615,617,279,523,211,743,541,321,470,359,399,409,309,171,278,654,115,488,192,969,144,956,611,340,345,504,796,189,528,388,103,892,419,140,326,632
582,260,201,928,236,183,441,712,369,436,630,904,378,419,817,625,559,643,252,806,688,911,871,494,806,911,578,488,534,907,795,971,779,768,269,259,993,453,973,517,774,992,879,894,559,684,941,595,474,138,348,379,218,269,632,725,269,426,137,130,608,667,845,129,692,478,586,205,116,613,157,227,174,221,279,586,346,346,783,798,687,706,859,384,736,507,676,411,952,113,510,360,302,489,448,258,226,364,614,996,675,587,397,871,509,302
394,298,273,224,773,158,906,757,359,614,859,594,928,519,402,183,976,587,210,209,373,988,834,827,969,714,858,716,496,108,600,507,601,266,898,389,433,641,897,962,125,479,611,371,243,910,502,733,567,483,300,162,980,868,660,142,767,821,543,977,712,708,505,959,720,671,659,442,209,359,691,142,886,693,675,574,880,611,624,565,808,349,993,441,780,384,392,644,999,498,795,863,385,960,464,931,158,329,271,625,512,813,927,270,690
483,842,701,192,566,668,903,852,737,942,782,510,810,802,709,661,921,493,761,398,661,635,372,310,788,300,406,360,210,847,752,833,762,168,613,785,873,215,732,880,792,523,222,886,813,912,941,651,820,205,287,493,817,124,878,849,917,735,960,868,582,717,395,526,522,793,990,658,964,695,962,880,870,757,950,524,144,836,457,723,986,794,264,186,733,909,839,962,591,278,676,362,808,665,938,564,615,156,477,380,490,383,473,644
340,760,897,730,259,863,293,929,220,775,976,751,263,636,357,763,334,132,621,745,195,305,862,432,516,884,559,660,957,153,405,953,827,302,404,557,334,868,243,455,138,465,947,669,900,256,605,961,213,141,929,408,924,270,951,955,792,987,736,768,733,392,738,113,304,557,723,673,140,776,636,515,435,397,147,856,527,906,691,987,642,811,345,951,194,491,625,778,420,920,147,693,689,333,608,250,299,915,671,176,917,777,625
497,212,863,214,755,376,966,687,954,837,578,737,125,880,317,135,141,873,777,301,503,925,612,707,678,659,165,491,300,464,972,655,742,468,767,488,520,864,805,964,604,683,680,882,945,666,208,214,392,480,464,172,231,927,469,433,954,265,731,267,194,497,445,553,592,962,980,498,681,773,346,465,489,854,332,676,594,828,175,295,421,297,286,547,709,995,361,789,700,826,870,347,818,457,576,285,442,803,678,315,802,277
266,829,875,180,170,320,224,455,195,210,832,719,897,119,484,380,411,931,745,491,263,676,333,766,644,291,688,903,918,429,699,486,329,846,229,102,484,941,385,942,232,464,710,398,465,390,308,109,815,401,456,975,432,344,854,223,557,474,265,142,413,880,575,922,191,971,597,946,324,354,688,771,238,492,409,938,973,713,642,329,672,180,518,420,941,818,942,622,831,280,567,733,116,835,352,354,445,459,302,831,219
335,515,659,954,987,546,641,768,957,351,325,710,593,533,983,209,866,285,811,796,190,312,732,862,359,879,948,475,558,497,640,384,895,358,102,396,922,320,917,185,846,577,939,975,834,159,497,151,929,647,968,684,460,794,349,782,998,968,657,767,984,155,299,692,896,261,795,967,181,224,763,993,472,425,410,825,805,168,377,656,546,352,681,977,197,793,199,961,346,685,492,525,445,116,364,226,414,219,686,284
419,992,880,417,339,314,295,484,973,733,255,398,289,752,738,866,742,192,257,102,600,590,866,550,650,351,778,657,257,848,821,897,287,198,515,825,912,484,896,676,428,813,199,274,770,623,750,700,577,570,855,659,278,444,234,924,429,809,145,410,829,239,825,211,330,517,453,573,106,320,331,653,634,571,892,733,661,127,825,365,764,817,864,368,947,178,714,389,503,444,754,265,664,628,205,336,853,303,967
667,725,372,434,323,995,978,317,860,841,585,497,804,953,442,128,664,384,936,332,494,372,236,418,526,268,176,765,512,147,385,977,581,865,507,140,597,805,922,781,229,549,804,426,201,874,572,655,670,735,250,476,622,819,175,411,580,348,534,475,675,259,269,199,758,784,339,810,378,554,126,476,894,895,128,718,864,402,351,514,771,535,765,825,189,186,870,357,838,112,385,241,691,992,630,555,382,190
542,777,411,858,270,552,292,736,469,695,145,492,682,359,875,646,286,519,892,396,100,234,348,312,301,285,427,331,744,211,691,495,562,838,368,874,196,200,721,896,524,884,921,358,501,455,277,170,132,153,987,249,153,919,703,253,800,640,757,762,591,703,338,289,708,339,509,377,659,753,515,264,816,307,273,319,967,625,765,132,178,996,688,940,112,750,984,431,374,548,724,938,834,729,287,663,928
227,646,686,502,321,648,148,140,332,784,267,261,167,276,698,883,345,690,310,786,391,563,743,450,190,152,745,237,259,855,242,588,417,820,267,753,344,837,562,979,763,451,872,868,552,327,248,109,197,155,409,416,125,264,443,766,161,128,121,778,904,814,309,134,683,704,302,684,367,793,737,890,455,835,496,170,496,147,968,787,875,788,728,135,550,677,686,106,114,788,848,758,234,299,877,404
659,614,687,359,614,542,648,405,809,963,764,233,164,919,956,657,732,959,126,228,946,213,464,729,415,222,757,690,570,908,823,419,756,499,600,367,548,378,693,864,148,781,255,233,391,351,212,193,908,456,440,496,845,100,957,452,578,662,772,528,774,721,860,619,193,400,289,798,594,361,199,106,776,159,154,260,470,146,704,244,515,436,437,597,858,955,794,696,895,729,527,525,645,315,693
214,463,806,388,284,262,891,641,200,807,371,295,972,241,395,260,669,523,894,292,563,289,963,198,478,478,894,224,325,962,805,283,589,895,117,806,242,105,739,404,558,212,669,259,700,419,905,906,789,805,499,400,292,108,962,941,504,392,980,356,883,684,405,763,571,624,155,986,223,673,894,571,201,532,299,306,245,481,517,198,627,661,928,392,737,505,199,101,775,917,513,796,788,691
605,295,461,164,158,756,265,739,834,414,694,864,635,464,981,552,683,600,605,484,259,381,222,787,729,988,657,800,367,601,356,679,723,597,265,191,512,187,700,421,935,983,973,929,969,625,188,777,680,581,501,610,779,784,905,166,195,615,526,926,979,954,512,649,689,870,308,827,559,609,116,599,469,400,704,475,525,233,298,680,124,197,299,343,326,546,241,928,447,960,485,139,106
549,284,290,257,629,261,302,100,738,988,692,879,549,971,712,396,992,501,252,299,559,736,380,409,976,282,776,366,294,440,519,969,923,656,784,673,470,798,882,170,696,953,184,884,516,943,434,837,727,247,771,869,240,191,767,938,794,290,644,373,907,796,875,976,988,858,697,557,676,888,345,723,290,327,345,771,182,908,756,627,683,456,533,568,284,824,594,864,218,169,611,195
224,668,764,849,261,925,764,542,117,107,772,221,631,373,162,183,550,609,147,846,550,894,758,914,151,212,204,736,224,264,228,748,746,989,318,212,239,258,410,455,400,545,907,965,982,398,728,460,386,896,202,158,274,292,268,110,738,236,809,807,733,648,700,885,637,697,966,264,483,928,236,463,456,115,595,595,143,787,861,278,176,804,633,621,737,561,114,348,871,317,336
584,549,470,991,572,245,841,206,809,478,370,419,264,628,548,910,148,512,523,228,274,698,710,374,864,517,207,630,646,586,147,140,549,889,108,742,312,892,121,257,986,600,366,128,771,878,129,341,731,176,987,873,625,778,482,559,351,102,932,471,315,734,276,485,226,851,645,661,451,934,363,513,805,675,757,697,728,322,305,255,679,179,528,725,579,415,266,513,676,498
399,473,755,836,205,435,308,808,261,385,422,705,128,766,230,714,882,489,139,297,178,861,600,680,825,560,740,788,352,572,992,272,133,816,442,642,222,310,255,769,690,946,706,927,895,481,891,589,869,155,476,826,132,983,857,787,798,642,838,636,815,942,876,397,760,591,372,949,167,589,893,480,701,122,811,279,471,270,515,144,392,725,714,412,840,277,287,680,219
988,380,451,369,319,611,376,140,476,435,789,850,564,502,145,570,417,368,376,987,118,874,163,223,447,601,516,594,101,625,189,682,462,448,522,416,976,416,245,646,239,330,165,336,593,418,293,995,596,886,661,113,189,312,964,309,365,235,627,473,891,571,303,440,329,120,907,840,434,349,103,684,627,279,154,219,925,241,660,701,623,641,636,680,622,948,915,861
794,181,247,760,431,151,325,866,485,764,656,476,131,982,790,796,960,374,623,782,250,847,347,658,730,850,172,800,532,277,278,573,525,545,438,553,804,387,883,495,402,381,794,829,932,573,860,224,377,308,743,373,384,933,513,160,634,305,460,659,668,294,417,183,787,739,153,490,171,816,656,773,486,755,847,278,146,415,354,639,136,676,195,249,332,884,336
952,446,935,173,444,492,874,960,725,415,275,628,190,262,616,378,778,784,276,595,965,433,949,841,529,427,569,511,748,978,826,611,550,424,584,908,144,528,938,375,537,883,316,389,227,186,991,816,365,387,899,434,950,870,454,909,667,956,246,365,711,624,793,652,431,298,870,386,984,764,781,918,615,621,458,999,238,930,874,299,806,708,192,311,566,502
717,503,664,848,280,524,222,312,108,242,314,684,821,390,148,995,549,344,723,400,607,687,632,839,863,705,552,508,843,320,580,478,278,296,570,686,100,888,569,817,227,988,983,722,756,113,537,749,901,350,109,748,899,901,679,945,781,489,756,919,707,311,739,601,929,727,153,737,370,673,440,668,789,344,790,279,246,227,839,275,582,285,300,358,767
880,388,268,203,845,410,627,451,944,996,702,714,512,290,191,210,824,758,838,853,418,932,615,273,252,342,694,593,785,289,355,774,465,237,252,519,641,197,964,751,506,896,263,758,552,246,394,935,982,487,918,327,920,141,186,723,471,151,663,900,616,320,107,753,918,740,107,454,668,200,723,489,173,896,555,441,705,568,125,114,606,989,263,456
270,574,802,135,701,900,406,346,639,551,683,896,472,749,325,581,586,478,556,624,831,572,864,961,980,908,690,507,169,802,789,435,133,900,267,578,162,982,352,274,932,895,402,187,638,137,796,904,865,373,801,468,411,519,523,827,690,451,239,245,297,882,239,668,645,669,275,799,433,188,423,293,349,592,140,321,368,955,655,173,591,109,435
341,603,666,228,535,279,339,649,227,244,425,973,183,906,397,192,928,841,184,723,841,255,504,129,112,631,675,987,472,415,327,676,350,964,691,899,708,654,337,165,685,752,134,823,438,717,406,171,635,601,524,503,692,308,230,332,807,508,683,895,169,788,259,805,851,347,717,832,445,941,272,339,772,900,339,571,180,205,286,705,163,165
689,381,710,248,829,609,374,522,628,548,756,438,710,241,253,989,865,136,473,348,607,766,548,132,880,700,952,695,836,105,188,325,565,749,988,641,783,391,709,964,655,764,371,494,747,948,744,978,618,601,867,664,271,130,777,257,258,685,189,360,120,826,700,401,756,413,472,205,239,793,415,783,984,800,501,279,907,160,636,825,218
171,355,775,358,822,529,227,768,690,892,431,264,836,555,199,664,145,690,525,650,797,218,427,622,253,452,121,208,657,996,516,170,328,177,459,551,223,420,330,216,724,180,440,308,477,947,806,243,613,893,159,258,843,305,476,818,265,828,657,507,578,336,799,144,913,717,730,897,633,836,799,743,715,643,787,473,202,804,325,454
239,927,272,764,710,264,983,311,814,783,373,970,783,690,511,788,184,781,582,376,481,780,729,873,824,659,310,485,798,266,306,957,250,374,361,587,126,379,613,504,641,338,110,104,964,202,475,374,103,643,310,762,882,947,117,697,471,823,640,561,485,727,283,636,408,178,512,559,850,642,617,976,231,131,133,542,330,914,782
136,186,148,681,636,683,176,270,816,238,486,996,753,385,705,961,724,117,894,905,438,963,230,591,280,696,850,909,185,363,860,517,244,653,398,532,477,132,196,630,773,130,867,951,293,693,297,330,368,598,604,826,882,645,420,586,861,267,599,899,360,200,813,603,398,862,111,552,364,978,714,509,698,983,977,343,209,772
352,822,189,501,135,844,126,416,523,742,107,678,302,966,924,471,182,864,272,727,643,142,997,338,950,917,658,499,946,843,500,293,758,146,443,320,202,934,459,802,698,859,287,908,146,463,656,453,795,686,803,140,452,930,754,909,239,298,470,112,955,203,921,519,440,898,286,241,353,488,319,203,413,454,301,591,670
420,235,325,449,537,622,770,197,285,362,311,120,197,831,100,277,587,614,819,871,690,817,786,354,100,613,384,660,662,704,397,421,907,318,131,987,473,211,480,781,216,762,761,866,927,155,313,456,138,502,238,943,305,818,360,944,147,999,927,490,112,799,890,298,899,236,105,718,364,698,585,158,635,210,219,742
386,302,762,285,223,593,733,703,234,564,157,959,425,726,161,956,925,411,637,753,237,567,908,148,531,721,417,958,556,824,694,567,503,245,130,507,375,337,620,923,662,981,383,284,998,199,609,710,741,162,888,655,725,526,250,725,145,597,493,513,649,686,166,204,189,389,820,587,553,876,203,149,161,215,782
400,108,564,398,303,264,932,271,510,115,926,557,651,889,739,417,879,724,799,378,450,595,392,517,877,944,685,746,361,659,973,319,241,832,962,361,346,756,816,242,351,806,256,519,417,369,691,868,603,429,497,702,419,260,576,640,723,993,182,288,354,375,499,233,224,758,373,607,909,557,719,399,628,289
460,682,744,730,730,166,551,164,873,597,707,593,774,265,835,100,152,913,989,703,570,672,788,163,490,646,539,245,982,640,963,714,947,995,802,352,995,896,468,459,818,442,461,487,810,245,633,955,848,268,189,663,351,559,389,788,617,998,450,357,532,991,513,563,542,699,853,136,851,858,319,921,616
308,588,369,670,296,507,495,825,683,137,950,258,672,104,364,815,852,176,279,597,538,133,749,720,809,101,195,339,873,457,154,762,852,290,887,652,109,965,311,817,888,186,866,821,513,421,332,148,197,497,778,451,684,576,714,290,825,872,202,153,654,784,591,128,197,561,291,386,774,847,988,803
168,405,375,351,890,483,662,754,400,615,996,247,396,332,543,694,120,168,444,102,332,762,624,960,544,436,480,898,201,627,700,331,748,573,379,304,347,679,505,227,833,861,880,381,588,847,565,273,850,737,874,908,682,197,640,262,447,830,606,287,755,808,514,816,734,111,306,108,135,893,176
680,448,225,141,713,165,690,683,803,526,714,186,905,549,536,482,533,467,220,567,622,501,739,728,145,578,317,220,237,317,258,729,375,641,999,705,775,730,876,629,253,610,555,381,155,503,255,579,766,785,813,926,198,230,206,299,902,521,538,818,636,300,352,460,457,765,306,244,542,787
273,832,589,652,256,492,923,820,628,454,210,591,659,202,467,889,600,303,101,886,464,516,819,155,925,986,453,331,788,577,568,140,253,757,585,998,701,551,619,617,535,518,910,480,835,824,777,385,984,643,317,911,256,487,409,835,697,326,940,458,600,922,949,253,857,987,304,135,829
303,788,369,961,590,478,883,528,203,950,772,684,739,494,551,377,822,343,398,609,493,547,637,896,498,783,932,851,955,297,501,219,478,225,794,611,840,828,491,984,785,177,428,491,836,635,302,730,512,225,167,303,760,835,304,170,521,484,173,591,738,528,930,623,342,796,429,137
507,705,311,873,369,674,245,949,117,245,309,932,187,675,512,681,201,142,329,365,774,785,994,492,709,566,634,172,381,457,374,476,406,393,264,105,424,167,222,191,218,371,589,548,246,734,430,830,710,151,726,832,636,694,964,557,486,220,320,906,687,409,486,713,662,885,687
355,195,733,497,937,511,404,689,914,408,781,719,714,451,453,498,710,660,910,540,530,489,511,482,526,871,846,853,559,221,839,248,633,442,901,433,804,810,467,232,837,697,700,363,950,267,397,464,207,290,866,212,855,729,282,139,195,741,846,169,187,178,389,951,794,268
864,770,941,977,162,744,693,538,199,171,579,228,553,262,806,787,966,156,808,828,691,265,880,518,589,196,905,927,388,736,358,397,135,279,180,193,664,164,404,794,246,875,694,641,174,111,223,775,664,452,434,407,918,560,916,446,909,689,709,446,934,452,661,684,655
876,803,466,886,284,723,802,226,676,194,593,869,977,861,543,366,814,774,771,601,536,623,941,312,863,317,688,864,201,376,508,238,181,763,216,591,365,394,546,672,752,681,221,629,830,422,295,966,542,746,928,741,707,416,747,196,806,364,400,417,518,246,175,337
919,399,946,695,747,444,465,299,856,458,169,272,280,456,902,331,140,133,652,733,829,856,963,912,224,682,492,370,672,750,798,646,141,812,916,636,123,947,419,482,744,646,440,817,598,486,272,217,140,867,162,190,867,105,154,262,186,533,717,371,360,228,654
722,155,958,740,612,459,636,608,789,749,534,941,785,840,937,698,767,734,793,288,241,238,710,153,934,310,251,742,291,193,268,542,401,164,854,870,307,336,889,824,995,995,135,189,744,173,678,798,304,711,664,583,291,400,722,943,232,400,347,942,937,386
624,841,631,939,282,876,698,978,690,962,105,433,611,114,774,262,599,331,675,786,584,290,663,553,490,543,335,455,322,118,919,683,664,104,454,208,292,660,309,524,557,310,716,511,404,466,746,364,527,527,957,465,639,669,801,884,756,758,517,419,839
641,198,452,399,201,969,463,186,361,955,373,815,390,878,735,693,746,278,299,551,169,111,423,928,432,456,285,623,125,466,461,309,709,997,667,360,987,200,248,633,251,665,614,878,935,573,731,220,209,364,958,768,740,600,170,513,929,470,497,460
706,413,421,396,541,717,721,400,310,705,541,304,686,728,708,166,410,936,768,808,482,510,247,655,734,285,868,589,372,693,727,933,396,214,300,797,465,322,722,486,645,311,210,824,754,324,813,912,934,308,846,545,417,870,670,772,383,230,602
703,986,726,893,301,181,360,159,349,135,181,828,842,781,268,497,786,271,388,168,241,906,401,991,161,164,752,332,695,151,776,398,492,478,206,407,417,977,796,562,709,750,526,407,663,889,381,642,582,578,471,189,464,686,863,264,390,584
287,131,410,824,660,359,822,711,233,105,231,471,725,412,459,845,414,745,478,731,349,743,809,977,311,407,580,259,192,144,787,609,772,494,637,694,715,438,317,402,503,242,632,650,361,595,196,591,550,201,787,956,419,380,800,705,571
726,281,349,270,444,512,662,525,649,572,909,361,640,437,866,995,361,351,232,598,402,339,471,489,405,510,593,702,506,839,501,640,854,930,191,924,234,248,419,939,119,315,734,598,251,183,795,531,923,276,596,140,816,378,593,441
410,203,600,645,970,613,725,900,749,885,453,208,309,780,116,750,282,678,505,661,516,944,539,249,649,752,520,320,941,630,640,690,279,398,146,796,461,774,526,617,255,510,316,360,876,275,794,391,557,636,667,666,987,729,485
551,621,299,537,955,877,409,487,724,737,357,295,391,220,685,840,345,131,398,926,450,842,202,542,885,825,606,333,972,794,470,203,309,475,309,647,188,824,562,690,558,711,231,672,685,830,139,157,105,275,682,891,788,381
476,808,777,421,202,901,406,931,607,230,217,465,226,961,267,666,703,369,322,455,476,381,889,925,683,413,164,388,606,820,772,189,912,339,186,504,482,863,352,789,258,629,190,162,455,369,560,502,644,213,394,934,613
785,456,378,299,397,240,869,349,180,277,109,358,361,660,398,422,143,159,704,125,308,659,272,116,220,951,966,861,313,323,352,634,844,438,738,798,355,736,750,181,275,124,241,889,140,136,724,905,338,876,336,145
386,611,725,746,384,853,701,344,525,858,294,236,612,177,397,499,862,844,581,925,154,502,111,818,560,618,936,742,245,273,683,868,925,280,195,777,510,800,407,680,431,219,430,535,992,227,522,146,348,455,949
580,787,281,212,177,186,712,527,818,519,575,848,565,583,635,392,870,372,120,530,406,819,292,406,670,478,776,693,401,932,506,815,231,702,887,712,761,835,381,310,646,742,614,599,580,214,825,237,140,882
142,377,865,612,516,293,484,971,780,650,989,960,384,522,380,727,512,490,864,409,293,984,186,168,189,360,672,121,215,202,619,756,727,606,309,705,474,611,843,452,470,323,726,609,432,715,833,788,724
104,704,924,908,789,219,602,225,734,659,292,136,861,756,813,219,265,376,467,641,158,114,894,266,675,409,329,374,483,217,328,401,454,835,309,903,490,871,448,179,963,729,230,742,601,427,244,895
548,275,634,293,602,935,723,666,510,240,892,409,429,899,600,522,353,481,356,866,167,360,370,898,850,295,702,747,421,439,863,816,804,989,310,642,362,535,463,574,131,370,336,489,950,265,825
920,189,215,500,779,336,966,217,632,736,455,867,464,287,314,893,742,578,503,330,690,463,994,831,828,769,738,696,366,855,727,946,706,315,992,669,450,688,632,914,792,881,646,311,938,804
516,613,560,401,364,679,500,555,392,100,155,745,119,461,126,844,969,968,532,620,243,798,746,480,226,482,594,479,690,544,708,776,594,844,606,273,358,124,831,808,169,948,686,594,640
535,996,719,464,889,982,994,894,489,180,242,393,828,306,560,676,438,546,437,932,198,208,513,171,204,122,647,447,439,286,876,676,209,504,217,422,927,431,802,587,841,439,844,155
274,982,145,389,464,382,646,356,945,986,281,658,948,703,214,458,518,716,487,524,233,184,474,378,929,981,405,976,183,358,527,447,368,434,236,930,816,922,774,704,887,633,536
282,794,313,657,431,482,301,955,936,695,491,370,252,871,623,137,907,298,576,496,271,925,809,200,362,227,820,331,193,140,399,589,662,810,388,323,832,446,174,383,694,205
516,930,857,608,888,702,461,746,658,717,580,530,320,741,211,960,329,439,394,530,993,491,922,325,905,957,759,883,222,383,491,561,480,700,894,510,674,505,344,342,994
949,263,914,385,551,349,939,291,899,279,466,977,660,187,981,128,356,836,581,906,907,761,634,791,784,514,898,390,896,704,994,158,211,224,697,143,674,736,567,353
584,202,326,243,149,654,647,170,639,394,561,772,239,252,280,910,926,226,451,678,513,772,151,274,713,590,817,612,987,951,210,708,417,441,275,934,782,545,796
724,970,905,728,424,151,567,358,146,733,788,298,221,480,837,114,892,204,407,757,367,473,309,489,122,641,660,859,635,143,377,803,263,841,602,115,139,162
453,666,572,577,229,988,539,190,237,814,296,472,245,994,228,924,451,840,693,585,484,760,419,494,186,998,598,704,995,359,191,569,279,554,134,555,569
902,641,951,428,817,315,849,175,911,437,995,870,131,787,837,799,375,807,514,346,430,262,710,597,193,799,189,979,623,526,716,499,773,580,909,206
496,639,488,286,514,993,853,398,570,648,145,251,534,949,283,999,267,290,353,753,951,352,361,175,489,700,733,351,170,424,717,479,598,263,414
574,641,715,270,766,256,412,694,368,417,972,154,926,765,467,806,272,406,578,826,647,527,902,507,206,313,845,169,393,216,217,847,174,446
924,223,220,477,477,154,395,599,108,612,934,773,860,427,881,878,650,667,979,923,548,740,910,121,524,891,985,892,491,996,298,933,342
413,702,660,119,468,430,477,571,733,935,407,144,975,333,549,189,896,612,201,268,672,996,887,675,324,469,968,874,323,551,214,866
301,761,826,331,212,145,186,862,899,244,504,392,937,835,316,908,973,609,135,591,534,707,263,551,502,622,341,214,426,396,144
399,778,823,832,181,660,639,809,500,188,553,214,159,267,479,128,425,955,479,677,904,222,646,762,864,417,274,389,875,698
789,777,844,545,386,758,449,934,655,849,291,944,390,353,896,783,928,101,735,793,904,957,125,141,705,168,723,157,921
657,363,450,126,645,258,957,276,162,678,367,815,739,428,522,169,889,644,486,763,411,709,151,320,168,929,366,721
851,556,576,531,991,476,331,496,372,671,322,708,969,388,474,204,933,546,786,146,637,640,328,864,793,562,661
995,360,918,844,248,579,567,573,994,344,193,374,479,273,401,353,426,512,805,491,845,870,730,616,379,770
862,835,889,939,505,300,743,686,657,243,442,465,169,954,649,898,196,365,804,604,853,247,868,640,354
586,108,290,654,308,708,674,427,670,570,501,118,283,140,976,223,108,654,288,172,754,732,939,709
928,844,764,156,635,585,733,213,610,955,442,920,696,446,373,399,121,904,341,911,861,903,832
373,802,220,837,999,858,370,485,113,574,397,459,342,973,431,226,972,434,426,253,204,133
454,262,790,632,657,753,864,493,282,406,601,218,315,520,446,139,750,321,125,154,947
265,498,107,169,905,478,844,284,879,882,336,874,830,132,820,776,613,901,452,672
729,176,679,303,455,930,747,838,305,228,203,923,524,806,579,100,184,456,253
664,716,458,227,132,899,932,866,284,938,938,510,142,328,615,743,655,551
842,543,418,673,778,910,510,326,473,296,247,643,253,738,212,447,779
504,511,130,222,999,807,646,906,523,223,259,172,894,455,354,239
875,432,558,599,361,993,398,705,747,541,517,296,973,504,625
462,655,856,104,776,910,556,244,129,121,543,766,876,572
458,584,700,262,239,528,222,992,958,378,217,818,880
667,973,911,733,160,794,199,811,921,975,718,122
204,187,716,431,800,787,622,120,760,808,271
807,282,551,873,731,505,764,165,888,104
333,806,490,588,652,369,161,852,168
205,221,336,552,882,857,185,406
531,277,601,725,174,411,999
870,272,155,875,931,920
788,848,185,785,917
770,985,582,765
121,962,902
190,978
975
