64
610,733,974,138,188,425,342,321,939,818,301,976,886,366,309,936,597,787,774,340,327,120,781,999,991,301,248,677,846,127,595,300,305,788,507,576,775,949,458,240,612,497,739,933,191,910,593,809,756,828,720,342,767,369,620,824,923,191,779,623,222,580,915
862,140,616,411,961,646,864,591,900,531,478,775,902,353,659,384,521,435,888,990,302,612,736,162,712,390,514,765,654,696,766,253,670,137,631,232,781,638,662,456,543,946,226,907,846,618,748,861,796,977,363,163,576,908,133,705,756,416,975,348,499,537
737,868,437,548,444,425,997,382,984,326,822,421,778,507,474,213,440,741,224,103,590,941,528,147,944,176,880,826,571,612,776,715,213,122,872,544,378,140,550,837,235,725,577,143,292,303,175,549,758,541,834,695,433,592,443,652,904,705,135,905,311
852,720,734,304,325,358,217,398,817,221,714,365,959,651,964,996,588,641,201,814,739,241,511,254,437,996,279,395,518,388,581,318,607,829,402,921,902,199,677,814,728,864,955,824,117,585,163,513,605,166,447,689,386,737,808,119,541,612,496,169
857,888,458,899,612,209,521,274,508,509,111,917,204,265,598,174,661,386,434,267,897,233,123,872,604,659,978,550,543,138,938,935,975,795,620,209,259,142,953,441,814,340,325,805,587,453,139,833,311,572,740,214,915,352,706,542,803,793,719
760,941,993,290,481,557,710,452,491,721,186,957,353,603,424,142,363,177,523,501,174,546,370,180,272,743,555,548,115,810,593,626,960,919,785,873,263,574,236,558,596,450,698,776,179,935,970,352,998,777,779,213,577,213,205,395,756,466
624,656,801,528,368,642,643,194,217,167,411,418,590,991,422,614,385,527,513,367,641,655,452,464,369,273,997,417,997,787,608,557,465,401,773,610,756,742,907,105,582,997,496,606,304,211,935,718,684,771,903,807,429,382,800,978,580
989,530,963,734,845,972,209,351,889,481,698,311,452,341,125,949,638,446,465,739,456,737,140,504,711,390,977,175,299,116,267,218,241,523,805,483,921,605,189,285,531,758,255,746,439,857,141,181,606,548,267,682,157,670,123,772
915,633,962,684,980,147,690,498,588,167,208,629,811,186,749,412,520,684,924,295,859,494,591,852,422,158,406,105,272,901,722,967,252,887,757,804,693,722,196,489,962,782,683,553,888,714,703,212,716,997,569,148,596,992,204
316,256,189,489,165,974,618,836,410,274,665,850,548,596,815,378,358,533,453,690,204,622,763,895,651,446,925,274,162,823,822,305,999,117,324,936,128,355,143,758,631,304,438,579,588,778,407,626,653,353,279,683,777,428
928,711,760,861,892,733,473,309,893,780,785,518,688,300,627,645,300,745,330,777,320,344,401,488,462,280,501,146,926,426,281,404,330,812,562,376,331,227,263,889,392,923,789,680,601,678,405,569,885,286,468,902,213
545,857,816,193,572,573,942,820,399,504,658,198,884,574,607,361,265,589,614,100,659,500,114,104,671,883,538,474,163,871,651,749,292,421,564,705,185,314,946,723,353,857,347,408,641,451,673,670,124,163,467,451
676,361,495,715,264,274,486,766,106,637,963,745,837,285,168,407,386,996,658,478,460,940,296,333,856,813,199,586,608,973,570,855,276,271,265,802,354,367,105,764,500,152,561,392,842,170,520,386,649,843,334
508,752,837,205,570,378,474,922,443,213,840,305,532,793,145,517,400,244,479,199,118,114,610,964,817,156,800,933,585,970,440,268,930,784,707,630,588,359,313,610,488,420,632,669,682,206,648,458,930,996
509,819,657,659,773,330,332,685,467,131,782,890,280,566,925,146,661,127,699,299,473,624,825,879,224,128,228,387,447,837,874,104,122,917,459,701,907,605,424,488,859,109,513,943,880,599,171,499,622
544,468,588,766,286,471,117,515,793,540,109,501,751,930,944,843,856,313,328,838,352,432,387,483,764,981,780,928,472,250,161,754,687,571,238,384,862,552,978,536,311,809,256,960,671,438,906,770
389,321,781,501,633,689,163,992,279,380,915,516,658,734,250,310,972,438,570,110,672,208,663,815,810,599,664,634,742,884,716,905,530,421,471,972,354,751,646,201,256,155,386,523,808,826,479
366,642,604,197,893,750,864,527,337,400,876,221,935,902,371,539,265,427,236,428,404,965,470,265,235,835,799,673,629,329,375,715,423,130,800,830,919,270,390,345,127,393,156,565,212,183
470,293,787,817,826,316,630,190,233,972,300,700,701,831,304,892,454,771,106,795,804,760,662,667,418,685,630,473,210,997,759,738,572,747,132,660,196,280,214,682,875,220,837,254,922
648,868,850,168,488,623,239,580,755,653,747,131,290,255,225,900,419,197,603,137,317,259,246,422,504,878,519,683,153,911,162,742,269,866,115,827,559,454,996,923,788,216,158,612
557,313,311,851,835,593,337,682,287,624,412,211,146,695,112,730,439,595,702,726,490,510,464,714,372,159,358,272,582,739,893,287,135,991,397,306,662,392,293,379,107,750,176
823,914,251,694,259,362,772,782,228,312,279,464,202,188,167,584,784,175,358,313,142,783,397,478,249,771,522,155,309,518,579,784,922,716,691,746,252,201,376,314,129,945
547,998,622,252,877,973,429,714,755,533,810,708,583,700,830,494,833,234,188,787,349,666,285,451,384,417,104,589,826,850,640,714,297,479,305,591,259,615,943,764,891
694,127,388,864,234,956,917,968,665,823,341,127,357,415,983,655,613,660,607,275,810,873,339,870,900,969,596,315,658,314,762,443,280,894,885,895,256,331,659,171
298,484,533,252,244,631,595,281,725,356,518,762,702,453,790,372,474,257,806,919,843,335,940,756,758,287,863,701,110,489,417,308,185,701,781,780,907,841,528
622,713,729,242,394,122,518,832,922,224,112,461,883,760,185,880,191,833,223,825,883,958,475,861,554,838,896,450,395,875,771,789,258,569,954,583,622,596
226,652,825,541,680,368,788,944,783,632,986,607,139,169,795,845,324,873,883,736,201,151,180,623,874,391,576,165,648,787,499,842,966,567,589,951,960
729,141,924,784,745,661,201,335,494,541,244,749,475,946,944,302,865,238,540,726,781,912,195,515,803,487,838,236,444,325,554,479,638,813,635,647
542,600,392,794,190,875,163,889,142,173,139,163,316,587,768,386,579,929,699,542,443,164,992,445,953,410,570,342,206,763,350,646,491,202,131
870,711,975,567,540,911,379,609,907,384,962,129,843,258,665,333,186,641,993,909,206,194,911,386,211,450,580,329,460,444,313,145,847,424
208,858,632,457,587,415,224,445,146,311,930,472,943,857,536,280,322,629,375,855,201,399,566,668,309,411,647,167,742,119,176,895,214
115,900,521,562,276,217,521,427,704,117,840,850,421,743,481,580,704,369,647,560,935,728,502,567,545,545,497,183,192,347,787,628
724,250,607,775,945,369,809,933,967,876,341,134,824,100,337,183,563,972,178,788,489,457,453,461,637,240,480,275,916,520,580
489,883,300,506,980,794,458,448,746,985,646,256,320,302,221,171,734,670,877,184,792,400,704,627,113,607,339,308,951,360
670,461,585,863,368,504,914,804,571,861,798,753,747,780,349,494,465,271,296,762,923,912,954,714,607,950,978,673,330
811,916,908,349,859,797,240,413,478,917,387,416,189,789,114,169,190,200,840,474,238,544,441,106,459,877,685,227
599,941,579,808,792,169,127,658,462,848,272,109,338,174,603,860,173,604,339,241,434,462,902,280,766,793,972
874,848,857,860,226,619,881,533,966,145,134,188,867,480,143,527,213,177,159,856,909,133,739,570,354,345
471,840,553,252,824,273,950,913,886,210,780,831,615,343,455,972,328,422,548,636,840,151,773,348,824
892,659,293,182,459,143,611,982,534,578,871,632,406,961,146,361,199,447,374,139,969,455,136,731
115,555,567,887,565,434,803,916,294,197,102,192,965,424,502,829,915,765,707,268,120,111,469
328,734,177,942,982,650,370,200,427,949,519,752,903,390,616,121,340,586,465,436,361,426
618,447,810,731,937,553,498,895,294,109,816,230,914,270,228,775,457,742,884,197,744
247,876,566,937,592,904,796,509,913,850,627,941,465,819,917,412,554,654,704,121
118,139,859,357,284,955,443,221,831,808,232,717,542,179,437,674,743,530,968
545,935,558,642,587,402,767,223,680,480,395,248,220,273,755,152,660,914
979,809,890,390,944,637,328,789,150,488,106,879,605,967,126,872,205
384,218,892,825,267,284,843,196,847,369,475,973,460,615,128,763
152,809,493,930,537,936,657,951,167,140,257,204,566,416,491
386,706,218,497,639,600,844,525,652,878,665,578,155,457
748,855,946,584,316,454,520,792,618,586,800,607,800
886,617,514,914,319,393,719,918,285,777,207,109
575,490,576,774,855,497,902,633,425,981,617
945,229,362,689,762,263,716,596,968,927
988,548,459,414,163,731,765,599,156
257,632,783,979,338,439,745,426
588,814,252,913,842,922,929
873,720,519,400,624,132
630,682,917,791,773
458,694,493,204
785,996,261
575,725
715
