32
848,992,141,828,555,555,469,780,508,792,833,304,143,269,548,362,482,479,708,730,253,761,534,888,953,699,145,263,222,883,109
688,609,710,809,679,787,714,641,101,527,897,165,886,732,284,940,904,803,396,260,449,901,163,406,952,688,373,412,686,654
705,638,869,626,787,226,735,659,524,667,676,833,852,776,788,637,901,603,375,793,372,103,362,884,260,154,585,713,552
422,623,799,690,505,677,249,548,274,852,328,699,672,973,603,481,228,717,253,970,335,695,242,959,503,626,530,109
988,307,325,805,463,148,792,520,507,899,180,242,208,175,532,412,271,697,882,652,836,801,801,303,422,627,711
592,279,871,859,887,495,994,706,222,754,881,579,647,590,646,973,102,712,874,289,461,319,740,830,800,500
495,726,566,922,564,647,237,154,147,180,899,869,788,917,443,139,430,882,161,283,257,129,619,203,145
647,630,507,732,114,380,585,224,307,554,341,839,620,128,429,482,884,185,791,707,819,657,497,324
399,725,746,539,927,702,499,543,663,977,761,312,849,317,937,619,681,879,817,567,414,257,240
821,161,381,208,392,434,119,494,272,514,307,497,712,191,127,645,716,838,191,587,165,368
418,598,324,368,504,714,676,939,282,260,973,489,975,300,221,272,486,823,951,768,640
897,193,234,837,978,715,748,640,115,788,465,383,115,367,497,253,716,436,917,586
797,261,928,560,182,873,719,383,401,561,188,897,742,340,866,759,907,465,727
372,109,350,466,105,446,864,875,707,215,383,350,954,385,829,648,557,814
372,625,491,553,484,444,165,258,105,105,943,982,279,647,401,455,278
817,756,949,784,758,787,364,151,648,552,858,342,281,956,154,447
966,582,207,555,151,302,654,253,390,522,330,419,631,298,513
429,748,843,808,287,321,452,532,659,397,978,586,355,466
598,136,788,895,524,338,245,194,543,151,433,955,930
758,474,357,488,966,621,833,984,294,383,538,651
249,324,203,878,291,789,857,570,786,767,413
550,358,300,198,980,287,572,820,475,601
812,779,200,598,139,249,249,851,839
683,583,485,381,524,103,468,797
175,242,794,958,258,551,245
313,851,901,302,457,526
275,522,812,122,303
721,602,505,709
881,226,620
868,528
307
